000067322
000067315
000053015
000050859
000050865
000052499
000052528
000064196
000051850
000051849
000093365
000076017
000053243
000053244
000060575
000055581
000069566
000054309
000054308
000054295
000054313
000054290
000069534
000053920
000054310
000053921
000052325
000054305
000095611
000055877
000095613
000055866
000055851
000055887
000055848
000069321
000084083
000055886
000055873
000055881
000055861
000078471
000055888
000055865
000055860
000094710
000066059
000095501
000055849
000061396
000081561
000063793
000052025
000052021
000052004
000062128
000062336
000052016
000052005
000052034
000062345
000052014
000062124
000052009
000071929
000062110
000060139
000057457
000057463
000057428
000062119
000075089
000075102
000057456
000057440
000049701
000075680
000075662
000075669
000052037
000064618
000096320
000096330
000071942
000066081
000066078
000059909
000059873
000060126
000071931
000071930
000066111
000059875
000096377
000096502
000096134
000096207
000064156
000092601
000064608
000075127
000062114
000094902
000090387
000064444
000062280
000075124
000075123
000077068
000062083
000090370
000090397
000062122
000062053
000071506
000049832
000062070
000074530
000062388
000062056
000062247
000061229
000049800
000062107
000062246
000061812
000062362
000072392
000049819
000067846
000049809
000061800
000061214
000082939
000061141
000061794
000054260
000061115
000061118
000095065
000071473
000094744
000062456
000057321
000094513
000094782
000055077
000063753
000094777
000077061
000056969
000055636
000066833
000096469
000062129
000082293
000093749
000062472
000061783
000096225
000096274
000096279
000096442
000096397
000096396
000096649
000096545
000090969
000097404
000094543
000071343
000097910
000097346
000096635
000086099
000097285
000096797
000095233
000095001
000096637
000081377
000073505
000058872
000097140
000097057
000097024
000096554
000097116
000052922
000052884
000052890
000052669
000052642
000052900
000052664
000052906
000059988
000053667
000059962
000052644
000052899
000057461
000052630
000052912
000059982
000052635
000052902
000052639
000096379
000057449
000052622
000052893
000052887
000052911
000052636
000052904
000052915
000052648
000052891
000052882
000059945
000057437
000059944
000057466
000052880
000059975
000052897
000057458
000052667
000052651
000052640
000063362
000097015
000082436
000096879
000097028
000094823
000096892
000096828
000074353
000096400
000071582
000087127
000082568
000062090
000082140
000064596
000094288
000094502
000082120
000082142
000094208
000064588
000057267
000065634
000067538
000057265
000057243
000095196
000094811
000094803
000096119
000094816
000057264
000057259
000064448
000057261
000095214
000095987
000095103
000096219
000096129
000096121
000085990
000096128
000096233
000096120
000096118
000096218
000074589
000096413
000096417
000096505
000096440
000096839
000096614
000096490
000050141
000049710
000049540
000078280
000052160
000054539
000091310
000092306
000052151
000092280
000065152
000084241
000093146
000052165
000084244
000084250
000093530
000093143
000065212
000065225
000063045
000067554
000065617
000065612
000087560
000082342
000066426
000082719
000087559
000087551
000082107
000082341
000082344
000082354
000082729
000082346
000082356
000064824
000087565
000082713
000082351
000087550
000082347
000082349
000064837
000082339
000087564
000049479
000072572
000072599
000072583
000051366
000072570
000049461
000072602
000072607
000072590
000093852
000051140
000058651
000072567
000070866
000049469
000072596
000072586
000072571
000051112
000093843
000093854
000058672
000055928
000056188
000093822
000093844
000093837
000056198
000093821
000051119
000095253
000075882
000063474
000058667
000094866
000058668
000061308
000095420
000051135
000051118
000056187
000095400
000050015
000059167
000059163
000058649
000058655
000058660
000075885
000056183
000059159
000092192
000065725
000095858
000072600
000093876
000070863
000063464
000095397
000095402
000056792
000091832
000095852
000090544
000063781
000058481
000057295
000056782
000095412
000087132
000056792
000057319
000087156
000087153
000059611
000056780
000052616
000056783
000056773
000094691
000066080
000066113
000066101
000059899
000094057
000094676
000075674
000059901
000055864
000071488
000066120
000066433
000071475
000049954
000053503
000071500
000071482
000071478
000059901
000055864
000068201
000060135
000057453
000068175
000062252
000062315
000052036
000092069
000071946
000057469
000072584
000052003
000060141
000092070
000060142
000062212
000082113
000071927
000052029
000049938
000052026
000057462
000050108
000075663
000050190
000052010
000062287
000067506
000059906
000092198
000094599
000064462
000066116
000050124
000080949
000061418
000060148
000058910
000067529
000075133
000095186
000075133
000069702
000058462
000059179
000059181
000066102
000066098
000059180
000096403
000068184
000090395
000055920
000059161
000059187
000058475
000066106
000066114
000059884
000055917
000059202
000059183
000059196
000059171
000059375
000058493
000058479
000066104
000058490
000066109
000066092
000060129
000066102
000071919
000059878
000059882
000059898
000059880
000059874
000060133
000060153
000060131
000071937
000071933
000071925
000071917
000058907
000066100
000066089
000066085
000059907
000066087
000059885
000059886
000059883
000058491
000066079
000066103
000066115
000066099
000060130
000060137
000055929
000058488
000058494
000071932
000058460
000058451
000058484
000058463
000058478
000058675
000058453
000058457
000066110
000066107
000066097
000059871
000059902
000060134
000071918
000059905
000060149
000060123
000060231
000060124
000060132
000071934
000071939
000071924
000058869
000067532
000067524
000067438
000096939
000096427
000096271
000087146
000064470
000056989
000060397
000086067
000062197
000066974
000082123
000094725
000066947
000094283
000049975
000090367
000066960
000090402
000056203
000056192
000082111
000075678
000075100
000064440
000056191
000056201
000064441
000056197
000062283
000062300
000075118
000066945
000094271
000049984
000062100
000062131
000094331
000081168
000062199
000066943
000066964
000062221
000062127
000062213
000062078
000062225
000062201
000066966
000095607
000066951
000062203
000062098
000062321
000090380
000087108
000090388
000062439
000090386
000084282
000062370
000062265
000062326
000062050
000090400
000061799
000062106
000062269
000066968
000084656
000062383
000062312
000090366
000049818
000062052
000062340
000062330
000062258
000049822
000090380
000062332
000062374
000067828
000062259
000067834
000062326
000062338
000063372
000063356
000082720
000049794
000061138
000049799
000090932
000067843
000049817
000063348
000063361
000049801
000067849
000049797
000049828
000049823
000049804
000068182
000049806
000057306
000063777
000056777
000061121
000094750
000049933
000063388
000063359
000061790
000063773
000095391
000094275
000089413
000061143
000062449
000063759
000063349
000049815
000061108
000061212
000071696
000061139
000061793
000061111
000095063
000057291
000052224
000057308
000071498
000094694
000061109
000088173
000062445
000094500
000086028
000057291
000057479
000061137
000061107
000095419
000061135
000052223
000061100
000071469
000054556
000094523
000049934
000061113
000071496
000071470
000071493
000094719
000062475
000094730
000068200
000071497
000056335
000087154
000071471
000095058
000057313
000076973
000068195
000095067
000094887
000061132
000071480
000071474
000068167
000094238
000094515
000094748
000094517
000056318
000094492
000094480
000094510
000094718
000094524
000061129
000094736
000094747
000094720
000094716
000068167
000094238
000068169
000068190
000095044
000094721
000094693
000088134
000094735
000095161
000088196
000095583
000095615
000082451
000095041
000094333
000094253
000092208
000094689
000094267
000063784
000088175
000094327
000095421
000064599
000090533
000094788
000090568
000093765
000095859
000063780
000056328
000095594
000094675
000063752
000063771
000090551
000063761
000094792
000094334
000094678
000094335
000094062
000095855
000094097
000092211
000050215
000090553
000087131
000094779
000095600
000092176
000094789
000095591
000094690
000095873
000092212
000094083
000075666
000075894
000056785
000087119
000063755
000093851
000063457
000094068
000087334
000095845
000092219
000049969
000095850
000063476
000092191
000050221
000092216
000050224
000095408
000049972
000094056
000063452
000094178
000052240
000095158
000095256
000050217
000095145
000069928
000087447
000095414
000050241
000050201
000050229
000052240
000087343
000095249
000050208
000051134
000050233
000050225
000050232
000050228
000050226
000050220
000050216
000050219
000095141
000094848
000095125
000069925
000095163
000095264
000095142
000050243
000056196
000069909
000050204
000093712
000069900
000050207
000093826
000091924
000093839
000093831
000093833
000050236
000082367
000056193
000093824
000056172
000093780
000093788
000093845
000051132
000095135
000093827
000093903
000056186
000093830
000093861
000093801
000093832
000096865
000096779
000097161
000096854
000096962
000096996
000096888
000097061
000097236
000093906
000096615
000094342
000075131
000064581
000071835
000071212
000067850
000058452
000095878
000094846
000059160
000069319
000059192
000094061
000055867
000062135
000065748
000082043
000090373
000057304
000060151
000067845
000088144
000057305
000092188
000061105
000066108
000058466
000062248
000090321
000075098
000062447
000094241
000062073
000063353
000062216
000082135
000062134
000066970
000062257
000062241
000062275
000062375
000062267
000061805
000068206
000094501
000062457
000094273
000094258
000095577
000088133
000050213
000094364
000094745
000090654
000094348
000094695
000051144
000062467
000094733
000071494
000071495
000061819
000071485
000064600
000092178
000056319
000094847
000078227
000094076
000063480
000069911
000050222
000093772
000062438
000062278
000096353
000057401
000065701
000096782
000096679
000049594
000058913
000067517
000071920
000055898
000096722
000076419
000053069
000055954
000069902
000064606
000096204
000096620
000072574
000081165
000061339
000096540
000066578
000094266
000068196
000071501
000071490
000095050
000085623
000062355
000062386
000062382
000050113
000075676
000075105
000075132
000058297
000057258
000064550
000058653
000058919
000072099
000071926
000071938
000060125
000060095
000059900
000059896
000059895
000059903
000059877
000066094
000066112
000101168
000100210
000101124
000101125
000101183
000066728
000070441
000053627
000071840
000071834
000082950
000062400
000066939
000062093
000062214
000062227
000066941
000084081
000094401
000062353
000093733
000093720
000093974
000069901
000049585
000069940
000094055
000095262
000052231
000056315
000095843
000065734
000095877
000095870
000049973
000063477
000056312
000057220
000050001
000065746
000087126
000087136
000094677
000094707
000088160
000090569
000094715
000068215
000071487
000063030
000061125
000062440
000063764
000091291
000095703
000061809
000071489
000049592
000061103
000063365
000063386
000062240
000062087
000050127
000090401
000062476
000066976
000071502
000071477
000062473
000066950
000065727
000063766
000094685
000090781
000062206
000065726
000066942
000050110
000064464
000062458
000082124
000075103
000090394
000056204
000082127
000082115
000094278
000062293
000061131
000061389
000094558
000094559
000065929
000060331
000057568
000054433
000091423
000071118
000072428
000067182
000061297
000071586
000071587
000079119
000078294
000059174
000049611
000057429
000096273
000055927
000055910
000057856
000059168
000059188
000066121
000071556
000093777
000065730
000058824
000063628
000093706
000078683
000091350
000075857
000091930
000075854
000091347
000075862
000093661
000050382
000075668
000049673
000060934
000059172
000086496
000092000
000070797
000096117
000079430
000096071
000078793
000077153
000067528
000071928
000072098
000071921
000060140
000060136
000060145
000059872
000059908
000059876
000059889
000059879
000060096
000066088
000058473
000058454
000059189
000055891
000062302
000068006
000097938
000065767
000055815
000091994
000068812
000068373
000050516
000050163
000049705
000050666
000049553
000077060
000056809
000060982
000067770
000061302
000061914
000061895
000061890
000061709
000061715
000061926
000060881
000066305
000061279
000085356
000051899
000051879
000057498
000061713
000062775
000059440
000057970
000058634
000057713
000057829
000057835
000059145
000064991
000059291
000055999
000057212
000057236
000062422
000056622
000058039
000058031
000062734
000058203
000068486
000066152
000058200
000059651
000058189
000066164
000057921
000058822
000057915
000058820
000052276
000053102
000051793
000067351
000051776
000058925
000053101
000052824
000052829
000058952
000067336
000049641
000053977
000054018
000049650
000054009
000051599
000051259
000049658
000051263
000052510
000052493
000058214
000071859
000053164
000052983
000053178
000058240
000053285
000051836
000053413
000053414
000051847
000059324
000054837
000050596
000051840
000093376
000058230
000057378
000051025
000050597
000057391
000053281
000051831
000052938
000059314
000050588
000051969
000093382
000057383
000052954
000057552
000093355
000064206
000052943
000053247
000065814
000052717
000071856
000052387
000050956
000052376
000052368
000056338
000052411
000052395
000050933
000056360
000052362
000052432
000052727
000052360
000071886
000053196
000064394
000064516
000067363
000056868
000067388
000058742
000056242
000053759
000056256
000053748
000063178
000054950
000055030
000053731
000054451
000055292
000055314
000054710
000054693
000054704
000055310
000054717
000054754
000053816
000054697
000061060
000053794
000061062
000053813
000061050
000054036
000061061
000053789
000067165
000067194
000067177
000049496
000060831
000060828
000075643
000052301
000052966
000092071
000056116
000092068
000086304
000087312
000087304
000087501
000091193
000092383
000090407
000090905
000091302
000090256
000052149
000092366
000092295
000090267
000084258
000092630
000080930
000074194
000073405
000079712
000079710
000095488
000083823
000073556
000056069
000073564
000056051
000073579
000074214
000073627
000074307
000065174
000065378
000092420
000060927
000091990
000091982
000091995
000092007
000092415
000091821
000091819
000060924
000091835
000091997
000091841
000092407
000084020
000091829
000091467
000091874
000084023
000091830
000091979
000091892
000093153
000077375
000051236
000077383
000077394
000051232
000077368
000091451
000093156
000091618
000077388
000091965
000077370
000092986
000093149
000051248
000091457
000083626
000086257
000074672
000074579
000065710
000067739
000067748
000074691
000067920
000067740
000065220
000067757
000065222
000068217
000071190
000063732
000073054
000091483
000091499
000092469
000092730
000092978
000091479
000087423
000086022
000086019
000076585
000086569
000086005
000087175
000086027
000086584
000076883
000073762
000079765
000087969
000061388
000086519
000079791
000087774
000080348
000079792
000078348
000080068
000071666
000072329
000064085
000065119
000065415
000071717
000070154
000069975
000070777
000086247
000095892
000088702
000083048
000071558
000088767
000088848
000089090
000089636
000088890
000072275
000089624
000070357
000070378
000073608
000055759
000090478
000053788
000061053
000051604
000066688
000049643
000061037
000049642
000052321
000049653
000058771
000058775
000058805
000069666
000091326
000053133
000058921
000058800
000052546
000092971
000081876
000071981
000072853
000072179
000089098
000054699
000094187
000055893
000061298
000085906
000056084
000093894
000089479
000061305
000061313
000061320
000067169
000061301
000057933
000089633
000052987
000057861
000061319
000061310
000057300
000061306
000050419
000059146
000050585
000055911
000093758
000061316
000061300
000053482
000056473
000061307
000091919
000093684
000091920
000050576
000051107
000066544
000071569
000069307
000081881
000069898
000050935
000072595
000059186
000055900
000049587
000062521
000059170
000055916
000059165
000093881
000056181
000095144
000069939
000057342
000059201
000095144
000063455
000072575
000069936
000059604
000092210
000066317
000075684
000094166
000077026
000052018
000061294
000057441
000057433
000083684
000057470
000066331
000057859
000059198
000055912
000055923
000056129
000056131
000055894
000055913
000055901
000055924
000055925
000059190
000058455
000059166
000066122
000059184
000059177
000055918
000058489
000058469
000058459
000066083
000060094
000060092
000060138
000063478
000095329
000087837
000090381
000066314
000093727
000094702
000094684
000057914
000063763
000060177
000075664
000063473
000087138
000095248
000095847
000094176
000091282
000093646
000049609
000049615
000060178
000049839
000091913
000058303
000082299
000091901
000075671
000049601
000049893
000061950
000075665
000077364
000057843
000075681
000091923
000060681
000075673
000075661
000093703
000075677
000075686
000075660
000056180
000075670
000087342
000091281
000049607
000075685
000091925
000093908
000093683
000060912
000057290
000093972
000093908
000093683
000072617
000091585
000087344
000092990
000091888
000056766
000067439
000055922
000097098
000054054
000094059
000055909
000066754
000054074
000089488
000089627
000090928
000057862
000052847
000063191
000060311
000062776
000058671
000090546
000069075
000088687
000090247
000088695
000063453
000091825
000069991
000056170
000059162
000095417
000095389
000078235
000060146
000082944
000077530
000090565
000093707
000093735
000093754
000093656
000094817
000095169
000087672
000096277
000096276
000091374
000093188
000059510
000051106
000093666
000070804
000056524
000061568
000053522
000059518
000092429
000076272
000058470
000090384
000061338
000063451
000063428
000066781
000077748
000059891
000058467
000058464
000068174
000094984
000057330
000094921
000062455
000094403
000084082
000094173
000093721
000082680
000094084
000056307
000061104
000057412
000053068
000049674
000049664
000050523
000050504
000053504
000050078
000059845
000065262
000065275
000061706
000085346
000063645
000060183
000057712
000057817
000063635
000059280
000057811
000057827
000051158
000058836
000051151
000058828
000058312
000066149
000093351
000054833
000057561
000054728
000077719
000078205
000078192
000095750
000076980
000076985
000055068
000091257
000090991
000069650
000051250
000091947
000092006
000091353
000051241
000091461
000091847
000074739
000054655
000076957
000080586
000095051
000072101
000072123
000072126
000060161
000091984
000059182
000076276
000078284
000060160
000096409
000094398
000050149
000084905
000056087
000092339
000060147
000058468
000059185
000055931
000055899
000055930
000094425
000092733
000088329
000074476
000094322
000094077
000092734
000052654
000053097
000053098
000052894
000057454
000052892
000059990
000059978
000059964
000059957
000059972
000059984
000059946
000059968
000059983
000059956
000059971
000059974
000095633
000100043
000094883
000094795
000094884
000089175
000089159
000050096
000066016
000049703
000060348
000060293
000056410
000059533
000067691
000067679
000054686
000093866
000091871
000091873
000064073
000064979
000056275
000060233
000094396
000087166
000077801
000067948
000066820
000096542
000096688
000066017
000050093
000095168
000060234
000094913
000056171
000099860
000099861
000099862
000099863
000099865
000099866
000099867
000099868
000099870
000099871
000079631
000094252
000057023
000093800
000057659
000075675
000099778
000099756
000099731
000099723
000099721
000098970
000099279
000099281
000099282
000099293
000099292
000099294
000099315
000067668
000069312
000095922
000050150
000050092
000050408
000050584
000050411
000052140
000050581
000050575
000059856
000050582
000050512
000050530
000049727
000058376
000058370
000056133
000053617
000054408
000053501
000054338
000058385
000054327
000077088
000056714
000057324
000056829
000066763
000056490
000066773
000066768
000067226
000077516
000077521
000057340
000058669
000056487
000056491
000056478
000056485
000056730
000056768
000056775
000056470
000056475
000056481
000059605
000058661
000059588
000060677
000061935
000061712
000061272
000057477
000061286
000060300
000060327
000060320
000062769
000062756
000060315
000060326
000074473
000074461
000060883
000060301
000060334
000063649
000060329
000065006
000060189
000060073
000058638
000059151
000066063
000057824
000057732
000060173
000057838
000063966
000057810
000057793
000059456
000063642
000059444
000057830
000057961
000057219
000064998
000060065
000058637
000064987
000059305
000057520
000065004
000059282
000057978
000063972
000056608
000062412
000062433
000081635
000057534
000061738
000057525
000062424
000062430
000062425
000064981
000056605
000060646
000062614
000058889
000058886
000064001
000057923
000059563
000059621
000059547
000058903
000062624
000058899
000059234
000060651
000058900
000062735
000062723
000059472
000057629
000057624
000062725
000057615
000058443
000064016
000062737
000057637
000057618
000068471
000058430
000066064
000057643
000059108
000068485
000068456
000059131
000059117
000063340
000057640
000058425
000058186
000057613
000058427
000066138
000059114
000062618
000059112
000059097
000068488
000066064
000057614
000057633
000068469
000059116
000058436
000057632
000068460
000068470
000058170
000058176
000057932
000066132
000058196
000057926
000058290
000068470
000058182
000066165
000058197
000058191
000058327
000059647
000058190
000059634
000057938
000059653
000058317
000062516
000059633
000059655
000062542
000059632
000062517
000051163
000058311
000057153
000062531
000059656
000062529
000058293
000059512
000051155
000058840
000066165
000058282
000062533
000062513
000058827
000058831
000058837
000058310
000058834
000059522
000058842
000058829
000066869
000058270
000081649
000066874
000063609
000056938
000063988
000056940
000056945
000055958
000055959
000056954
000056431
000056940
000052705
000053125
000053118
000063886
000053116
000051072
000050815
000050811
000067350
000050810
000067344
000058959
000053117
000049637
000050838
000050825
000050866
000052826
000054004
000058778
000049651
000051277
000049661
000053992
000054006
000051588
000052492
000052531
000061586
000052517
000053182
000051255
000051258
000057386
000061583
000052934
000054844
000057564
000050599
000051829
000057577
000093392
000053427
000051861
000064210
000057572
000051965
000059315
000062954
000051979
000053268
000054828
000058224
000064195
000053397
000059032
000050616
000051974
000051024
000057558
000058233
000093390
000056348
000053232
000052372
000071855
000050942
000056370
000052393
000056337
000052364
000050951
000052417
000052369
000056356
000050952
000060954
000050947
000056369
000060945
000052384
000061579
000053417
000058223
000052860
000058222
000052846
000053264
000053422
000053561
000055025
000063179
000053564
000055035
000070066
000063197
000067179
000055294
000054473
000055321
000054466
000055725
000054685
000067189
000067698
000054455
000053799
000055333
000053804
000054081
000055360
000055352
000054069
000061495
000053809
000053805
000055730
000055722
000060821
000049423
000049502
000093867
000056100
000052691
000052300
000085633
000086889
000080054
000078293
000077724
000078216
000073197
000070112
000070095
000080115
000090302
000084663
000080135
000092388
000090423
000092633
000092166
000091219
000090293
000090660
000090656
000092389
000090976
000054533
000052156
000090972
000092145
000084252
000090653
000090253
000081822
000074349
000074233
000073793
000074187
000056057
000073549
000073441
000073582
000073439
000074205
000073552
000073602
000073566
000074238
000073431
000073616
000073444
000074044
000073515
000073569
000073447
000063434
000066568
000091252
000084019
000060935
000055066
000091624
000092419
000091833
000093041
000091447
000091999
000091613
000092403
000092405
000051244
000092408
000077377
000091471
000051228
000091469
000085839
000077181
000077143
000077139
000074748
000074588
000074703
000074586
000095512
000074426
000074542
000095499
000074412
000074420
000074603
000075378
000075366
000068213
000071188
000068244
000068207
000067734
000080025
000067742
000080014
000068214
000073044
000080013
000063037
000069798
000091590
000091495
000092471
000091487
000091493
000065584
000092445
000079483
000092453
000092717
000092472
000091580
000065595
000091497
000091878
000086920
000086739
000091488
000086909
000087202
000088020
000085416
000083437
000086056
000085877
000068382
000083506
000086741
000089505
000086759
000086062
000086734
000087173
000083690
000061358
000084725
000061355
000089981
000087764
000090084
000087972
000087756
000069500
000087766
000078425
000080678
000079864
000080667
000080371
000080093
000080082
000080105
000080373
000071298
000075766
000070710
000084585
000075148
000068986
000068415
000068414
000068413
000069002
000075566
000068348
000065127
000072466
000084557
000084581
000069826
000075778
000073209
000070689
000070317
000064655
000064649
000089202
000095921
000082393
000083188
000083142
000071101
000070146
000089111
000088883
000088867
000090282
000064523
000088630
000088183
000090671
000084289
000088194
000089635
000089640
000088868
000089482
000089486
000090863
000072286
000084284
000090665
000089275
000090664
000090668
000088187
000088854
000095952
000081567
000082304
000082954
000082446
000082447
000079623
000082962
000079630
000081173
000082942
000082444
000082439
000082455
000082106
000087554
000083131
000082047
000082101
000081194
000064835
000082716
000082103
000082717
000087566
000072152
000070830
000056844
000049937
000061740
000067918
000061977
000049647
000051581
000049625
000058811
000052556
000058764
000067345
000053119
000066673
000052566
000066663
000066648
000057140
000072860
000084136
000082226
000073281
000083624
000049568
000085673
000089895
000058801
000049884
000057293
000092067
000082093
000051131
000059173
000049617
000075889
000069492
000071264
000084577
000051875
000056494
000058609
000066969
000075667
000081352
000067475
000059523
000058171
000059513
000058411
000058175
000055915
000055907
000059197
000096441
000055919
000059176
000080018
000068242
000070515
000058326
000087820
000059642
000063456
000057492
000090006
000095590
000056721
000062615
000058301
000089487
000056003
000049942
000049858
000087773
000060339
000055358
000084279
000093766
000049614
000094085
000054063
000072274
000072274
000089280
000082727
000089271
000061510
000085930
000054076
000059649
000064396
000052862
000063544
000063558
000054196
000052872
000053749
000064347
000054193
000058894
000058328
000066764
000056738
000069829
000058316
000059654
000051159
000090649
000092454
000071299
000070582
000071320
000084288
000094013
000059169
000079622
000059153
000070310
000087147
000067667
000095923
000081534
000083196
000083596
000093961
000081532
000052031
000062668
000050156
000075898
000056276
000077541
000057423
000086355
000063484
000082418
000091516
000063659
000091373
000050328
000056811
000078802
000050153
000050154
000057849
000059347
000057365
000080491
000050107
000078226
000093920
000078271
000093924
000057756
000081990
000056279
000093927
000073768
000093926
000093928
000093923
000073481
000089807
000090331
000054351
000049793
000051509
000076067
000051518
000050095
000062508
000062510
000062352
000052233
000075865
000058394
000091566
000064514
000050157
000093919
000093770
000049600
000049616
000049593
000049590
000074006
000062509
000067874
000061534
000062021
000052131
000050420
000049840
000050652
000050631
000049715
000050509
000050130
000049712
000049561
000053499
000056492
000061886
000072120
000061317
000059831
000060700
000061894
000072106
000059843
000060699
000060679
000072112
000072110
000072104
000061304
000061883
000061905
000060241
000060257
000085350
000060253
000060252
000060877
000068678
000064985
000074459
000060351
000057785
000061742
000068674
000060181
000059155
000057808
000057844
000060614
000057740
000057709
000060176
000057814
000056610
000057733
000057807
000063638
000057734
000063971
000064982
000056602
000057533
000056420
000064988
000062410
000062421
000062413
000063952
000061762
000059212
000068467
000059559
000063289
000059237
000059574
000066143
000063293
000058174
000066135
000058194
000066150
000066163
000066146
000066148
000066168
000058179
000058193
000066145
000058199
000058173
000066131
000058201
000051160
000058286
000058313
000058294
000058841
000058838
000058289
000066136
000058198
000058187
000058172
000066134
000058308
000059527
000076366
000056558
000063621
000058263
000056936
000076375
000057152
000063974
000063979
000056943
000056457
000066901
000058256
000051554
000052704
000050311
000051943
000053122
000052512
000051934
000051059
000051065
000052811
000052523
000052822
000052980
000050878
000052819
000051579
000051610
000061581
000054013
000053989
000052337
000051283
000053191
000061585
000053265
000058235
000053405
000093366
000054838
000054858
000058217
000054856
000053007
000064208
000051830
000052963
000076037
000051026
000052948
000051976
000051986
000052931
000051958
000052937
000051968
000053410
000093387
000053235
000052740
000052724
000052361
000052407
000052427
000052367
000052377
000052412
000071878
000056352
000060967
000052449
000056339
000052398
000052365
000056340
000056375
000052379
000052448
000052389
000053773
000053761
000053765
000064391
000058762
000056877
000063205
000054940
000063215
000053551
000053571
000054731
000055307
000053586
000061067
000054468
000054706
000067173
000067191
000055720
000055309
000067676
000054464
000053780
000061051
000055329
000053812
000055723
000055331
000053782
000067202
000067193
000054100
000061058
000055729
000061056
000053778
000054711
000055721
000054715
000049420
000060807
000049504
000051417
000054280
000091283
000052682
000091284
000091277
000091285
000086447
000079111
000091292
000092613
000084240
000073502
000074293
000074115
000073497
000073519
000073485
000074139
000074022
000074300
000067955
000068624
000070526
000092001
000092401
000091992
000092410
000091845
000092423
000092426
000091822
000091329
000091599
000069653
000051246
000091600
000091889
000091601
000060932
000074698
000064295
000078875
000074567
000065707
000063039
000078888
000067751
000063427
000080015
000065574
000069799
000091477
000092463
000092457
000091588
000092452
000078692
000064097
000083664
000078691
000068779
000069078
000068771
000064091
000077028
000069091
000077034
000089867
000090082
000087770
000079199
000079203
000079214
000079215
000079225
000079411
000080107
000080067
000079395
000080438
000076275
000077431
000078098
000076281
000077418
000068430
000068412
000068356
000077565
000077565
000072977
000071218
000083191
000082289
000082949
000082963
000082952
000095718
000082295
000082454
000082044
000066431
000082361
000082311
000082042
000082445
000082313
000072609
000072621
000071828
000061311
000087360
000053981
000053982
000053976
000066680
000066656
000058774
000058766
000052538
000066677
000066641
000052534
000058942
000082211
000084118
000081124
000081123
000071074
000072129
000068247
000060290
000059515
000076285
000068623
000088138
000093051
000064297
000091993
000073437
000071061
000088969
000057421
000055908
000088703
000084049
000050059
000066857
000051304
000052220
000071263
000094424
000075970
000082389
000061536
000059706
000087543
000072100
000093130
000050648
000073290
000070415
000070920
000071743
000087673
000067151
000071847
000070938
000071544
000089389
000089388
000089809
000089542
000089808
000091020
000088925
000088923
000064572
000088738
000087895
000069793
000080832
000084405
000079861
000084417
000080506
000079962
000084415
000079768
000082648
000075995
000073629
000083193
000087893
000089158
000089900
000088325
000088327
000073326
000089176
000088739
000086357
000073325
000088443
000089369
000088442
000086356
000087894
000089201
000067206
000089965
000089720
000079963
000089719
000064980
000089584
000070537
000067206
000065242
000065243
000063131
000065244
000079334
000079332
000079333
000080453
000079448
000077731
000072492
000054773
000080273
000078225
000088732
000090121
000080385
000088272
000087920
000084741
000088323
000090119
000088324
000085487
000085618
000086274
000068509
000085619
000085617
000086852
000075488
000068915
000077730
000079473
000079449
000079472
000088467
000088354
000088731
000085735
000085910
000084842
000086001
000086192
000091322
000091579
000093139
000067666
000063723
000071342
000063561
000066837
000077409
000074565
000077408
000078999
000079429
000083597
000084469
000092012
000091564
000051330
000083598
000085979
000084997
000085324
000061080
000092406
000091123
000065867
000071950
000067785
000066413
000074218
000073118
000083821
000065646
000068060
000067784
000074241
000073711
000073649
000074240
000073712
000092319
000081945
000084048
000081589
000069330
000074242
000074099
000074616
000069257
000091400
000090355
000090663
000077690
000090716
000080272
000075041
000080202
000086551
000087535
000091508
000091510
000075728
000072222
000058699
000058697
000058698
000056633
000066863
000077742
000056471
000056274
000066858
000057414
000066860
000077256
000066862
000066859
000056835
000056836
000056271
000054541
000057149
000054589
000053640
000054386
000054387
000054551
000054765
000054546
000054548
000054547
000054549
000053681
000058495
000054385
000050094
000049730
000050178
000050665
000061642
000050658
000061776
000049854
000050649
000049843
000061772
000050657
000050165
000061777
000050187
000050629
000061774
000061775
000061615
000050330
000050327
000049989
000049945
000062512
000093762
000093916
000061273
000054259
000061288
000054558
000056977
000066771
000077535
000066757
000067209
000057337
000056712
000066772
000067781
000059599
000085355
000060687
000061888
000061718
000065938
000061293
000062749
000051885
000057476
000066310
000060296
000060892
000058644
000051898
000057981
000057957
000059143
000081619
000059623
000058897
000063270
000059126
000064002
000068473
000060598
000059107
000068455
000059122
000058446
000063324
000057936
000058413
000057612
000059096
000059137
000058408
000062606
000058426
000057617
000059133
000057920
000059638
000058325
000058339
000057917
000058315
000059660
000058320
000062543
000058839
000062518
000059635
000057919
000059637
000051174
000057945
000059636
000051170
000058295
000058272
000057166
000058799
000058945
000067318
000093361
000059031
000059050
000059322
000057566
000059310
000056221
000053555
000054678
000054682
000055323
000053796
000053785
000053814
000053802
000053815
000053800
000055330
000067172
000084675
000066401
000090658
000084651
000090975
000090889
000090286
000090968
000090263
000092606
000092610
000090645
000091307
000092163
000090970
000074176
000074517
000073583
000055088
000091000
000084029
000077365
000093523
000051247
000077373
000091972
000085634
000086008
000089504
000085559
000086038
000069066
000084726
000069499
000076926
000067479
000088283
000088233
000089478
000089197
000083136
000088505
000088774
000088200
000088773
000064528
000090670
000089269
000090940
000095949
000089264
000072269
000090680
000090936
000089632
000090870
000088180
000088877
000090876
000090936
000089632
000090870
000090949
000088853
000072284
000090942
000088186
000088845
000072295
000090867
000095962
000089625
000072290
000089265
000084270
000088884
000083121
000087557
000064828
000082718
000072863
000071980
000055332
000093814
000095131
000087149
000061312
000065922
000085639
000088248
000094760
000090927
000090977
000095956
000086565
000054779
000062621
000051254
000062534
000077513
000064839
000049919
000056631
000049788
000094399
000056523
000062130
000050060
000052402
000092443
000092197
000098191
000071687
000065893
000068221
000075900
000096144
000049718
000061622
000049850
000061933
000057486
000061929
000060683
000061934
000060705
000061268
000057497
000057495
000061916
000060703
000060684
000060894
000074469
000085327
000060341
000060299
000074474
000060349
000060294
000074469
000060246
000060256
000060324
000060321
000085338
000060344
000060346
000060317
000074457
000057836
000057716
000057726
000063651
000057802
000057737
000081623
000062408
000062417
000071434
000068679
000057519
000056603
000057532
000063283
000066147
000066155
000058180
000066133
000066160
000058185
000058195
000066156
000058184
000066159
000058188
000059528
000066162
000056552
000063618
000055949
000056839
000066137
000061770
000056953
000076372
000056451
000056427
000066888
000050817
000051778
000051925
000051047
000053020
000053018
000067319
000052519
000052317
000050832
000051289
000052327
000052346
000053983
000054017
000054826
000051845
000051832
000093359
000064192
000053263
000062931
000060959
000071873
000052420
000056362
000052415
000056373
000052371
000056346
000052366
000052359
000060946
000056349
000050936
000052390
000056359
000052734
000051268
000064383
000063559
000067355
000064371
000053550
000067708
000053734
000054443
000053557
000067685
000061052
000054469
000054441
000053797
000054431
000053810
000053811
000067185
000061030
000054025
000067199
000061063
000067195
000067196
000061048
000056095
000049426
000060819
000051489
000051565
000091266
000092283
000091316
000092288
000073432
000073510
000073508
000074318
000068648
000092003
000092433
000069667
000092416
000091949
000064302
000078877
000078884
000074554
000080026
000092468
000065581
000079513
000092466
000091575
000065576
000091715
000092702
000091578
000092451
000091480
000092455
000092446
000064072
000069088
000068766
000068761
000067982
000080098
000079412
000080077
000054660
000079409
000065142
000075551
000071335
000080946
000071106
000082298
000082450
000070842
000070417
000070925
000049626
000052318
000058946
000052537
000066685
000058765
000066684
000058808
000066649
000053099
000067324
000081103
000084080
000074454
000060710
000094639
000057813
000096608
000075688
000093789
000073483
000064090
000056527
000062666
000062667
000066761
000059199
000057755
000096507
000094106
000085736
000054390
000057148
000055816
000054563
000066829
000068263
000065156
000098366
000098367
000098368
000088328
000055525
000054555
000054333
000056806
000066745
000056484
000085337
000060674
000060686
000051889
000065924
000061710
000051877
000074450
000060250
000062750
000061265
000066319
000061295
000060347
000060330
000060350
000057738
000060338
000060333
000074471
000057724
000057854
000057816
000057749
000060182
000057954
000062419
000059301
000071454
000057217
000056624
000063961
000055990
000060088
000057962
000058645
000055993
000057522
000062431
000063949
000061768
000064989
000071443
000057202
000058035
000063944
000068448
000059220
000059553
000059092
000059125
000058412
000058428
000068462
000068481
000058441
000057609
000068453
000058204
000058424
000058332
000066139
000062535
000057944
000057951
000058207
000068451
000058321
000058178
000058192
000066154
000058318
000058331
000062520
000062524
000059643
000058302
000051153
000058183
000051148
000066167
000057924
000058817
000051154
000051152
000056453
000066882
000056436
000056946
000057162
000076377
000057158
000058265
000058255
000076384
000051568
000058264
000051530
000050824
000067335
000059936
000050881
000052837
000050807
000050308
000067343
000063863
000053157
000061594
000052340
000050872
000053996
000049645
000054001
000049648
000071871
000061580
000061607
000052513
000051857
000054839
000053271
000062947
000051856
000093364
000054849
000054829
000054848
000054860
000053280
000062933
000053270
000065826
000053258
000071853
000052416
000052445
000052373
000056372
000052744
000056343
000052433
000056371
000056374
000056347
000052418
000064378
000063531
000064723
000053275
000056226
000053758
000070080
000054946
000056246
000054149
000054137
000053754
000054932
000054140
000070062
000054436
000055749
000054703
000054470
000055737
000054725
000055741
000055301
000054457
000054463
000061040
000055757
000055334
000053784
000053798
000067184
000053783
000061046
000055444
000055368
000055443
000051470
000067167
000049428
000060803
000049535
000056126
000094432
000052686
000085622
000078198
000077706
000078191
000078292
000077709
000090301
000091212
000091199
000092364
000084236
000093227
000092395
000084242
000073794
000073995
000074373
000073780
000074050
000076972
000074201
000056081
000074223
000074025
000073575
000073425
000074226
000056056
000073504
000073638
000073625
000074304
000073624
000076817
000091245
000076818
000091978
000060939
000077366
000091449
000051245
000091963
000091944
000091459
000051243
000091955
000092434
000051237
000051239
000095498
000074750
000095516
000074593
000064279
000078882
000074708
000064282
000074734
000074582
000068220
000073050
000063827
000079488
000092716
000091341
000086926
000085500
000083882
000083887
000067978
000068758
000087995
000078355
000078462
000076268
000078352
000079416
000080100
000084573
000077445
000068429
000068422
000063130
000065123
000071221
000088294
000083049
000089086
000089091
000089088
000090926
000088880
000090948
000088182
000089642
000084285
000082058
000064827
000070409
000070405
000094017
000070915
000070933
000063907
000050414
000053945
000049629
000053957
000054302
000049633
000054291
000051583
000053985
000052347
000058804
000058948
000059921
000051048
000052547
000066661
000066646
000058777
000051062
000093774
000059178
000064377
000067553
000059529
000059519
000049889
000077700
000089629
000061494
000088889
000089263
000084731
000051538
000055356
000053556
000054042
000054033
000052875
000052840
000059705
000065939
000061734
000061292
000062774
000061714
000057484
000065269
000059841
000057922
000057481
000085334
000085349
000085328
000057488
000061723
000056522
000056333
000095092
000095723
000082417
000072674
000081531
000092091
000058438
000058368
000056526
000071058
000062759
000060289
000062770
000074448
000058620
000056590
000062539
000062523
000057942
000055318
000054434
000053793
000053781
000060529
000055327
000073187
000088888
000090673
000056577
000049662
000089273
000088876
000060530
000063162
000051872
000072606
000092185
000057857
000095862
000072802
000097988
000063787
000057424
000063658
000097884
000060354
000097792
000050388
000050529
000054401
000056162
000055508
000054418
000054417
000056163
000055520
000055527
000056149
000053592
000056164
000055504
000054413
000054565
000054400
000053602
000053587
000055502
000054414
000054402
000053614
000053603
000054576
000056151
000050087
000055526
000053591
000054422
000056140
000055507
000053594
000054586
000055521
000054406
000053589
000053607
000055628
000050080
000056976
000054248
000056963
000053509
000054554
000058362
000054359
000077075
000055652
000055523
000054564
000053487
000077091
000054353
000053507
000054342
000054250
000054245
000077059
000077076
000055624
000055629
000077070
000056960
000053510
000077083
000050083
000056970
000054344
000055655
000055648
000055642
000077074
000054575
000077520
000056480
000056479
000077525
000057345
000054236
000055619
000057329
000057332
000054246
000066742
000056147
000066756
000067243
000056145
000057348
000067211
000066765
000066760
000061970
000061971
000065268
000059828
000056467
000061913
000060994
000056498
000060999
000059842
000061892
000061927
000062753
000061923
000066298
000085360
000061275
000062751
000061271
000060682
000066299
000062766
000066307
000057475
000085344
000061733
000061281
000085341
000085326
000059443
000061717
000066296
000065916
000057487
000062761
000085361
000074462
000060188
000058647
000056407
000056403
000057956
000074463
000063648
000063657
000059454
000061741
000057959
000068672
000057791
000068676
000057809
000059448
000058632
000068659
000068668
000065002
000057841
000065001
000060179
000057794
000059461
000071438
000057521
000062420
000065008
000057822
000057205
000057228
000059308
000057731
000059437
000060190
000059452
000060067
000059431
000063646
000068662
000057831
000057208
000063947
000057796
000057806
000056612
000057531
000063957
000062434
000056607
000063954
000056582
000056409
000056626
000056596
000057948
000061764
000056572
000063955
000059616
000056392
000063973
000061751
000057518
000061747
000055997
000057209
000059698
000061749
000056404
000057225
000061746
000056597
000061759
000059685
000058019
000056389
000055995
000061739
000064022
000058025
000059208
000059213
000063277
000059207
000058040
000057941
000063946
000059703
000059680
000060657
000068477
000059211
000059628
000061961
000059226
000058883
000055995
000058023
000062620
000058905
000061960
000059565
000063280
000062619
000063998
000068474
000059566
000059617
000059561
000059612
000056012
000056615
000059704
000061962
000060647
000059609
000063997
000059614
000061958
000060659
000060655
000058044
000059209
000058884
000068484
000059683
000060654
000063297
000057934
000058056
000061944
000059549
000058058
000058053
000059687
000058064
000059619
000059555
000059238
000059556
000059615
000058888
000061964
000061955
000061963
000058904
000058028
000063271
000059692
000063263
000063261
000062728
000059121
000059480
000058036
000059206
000057946
000058065
000057610
000059572
000058887
000063266
000058033
000058050
000068459
000059070
000059128
000059483
000063999
000059087
000062711
000058433
000068452
000061954
000068464
000058062
000059470
000057628
000059695
000058055
000059475
000059494
000062732
000064005
000059497
000068479
000057621
000064004
000063317
000059071
000059491
000060608
000059072
000063308
000057639
000059067
000058414
000057611
000057935
000063330
000059204
000059115
000057626
000058420
000058319
000059652
000059101
000059118
000062525
000051149
000066142
000066158
000062515
000059508
000062538
000059644
000058823
000059532
000059525
000056841
000056556
000057167
000056849
000055957
000063612
000055956
000056840
000076383
000056841
000056556
000058298
000063615
000066884
000056445
000056838
000055948
000055945
000055946
000056546
000056951
000066881
000066883
000056433
000057175
000066891
000063991
000063977
000076373
000076379
000057161
000066900
000076386
000056434
000056947
000066892
000055944
000063978
000056567
000051540
000055961
000066898
000050887
000053013
000050876
000050287
000051978
000050598
000050615
000052933
000051971
000051962
000051978
000052940
000051012
000051023
000067391
000054781
000053746
000053744
000053753
000054926
000070084
000053584
000053742
000060559
000055036
000054764
000054458
000053808
000053777
000053807
000054059
000067201
000056109
000095694
000086187
000086994
000062649
000086684
000062651
000062637
000086152
000093915
000095688
000087526
000086692
000087513
000086698
000095701
000062640
000095441
000095684
000087040
000062652
000062627
000086159
000087522
000095456
000095660
000095458
000087503
000087034
000087508
000086166
000087495
000087534
000062633
000095464
000095697
000086699
000087504
000087497
000086190
000062629
000095689
000087520
000095699
000087017
000086971
000087012
000086158
000086164
000087022
000095676
000086162
000095475
000086173
000087532
000095659
000086715
000086172
000095468
000087512
000095443
000086703
000087529
000095439
000086186
000086991
000095438
000087009
000087518
000086174
000086170
000095663
000087511
000086161
000095667
000087025
000087021
000089043
000087496
000089899
000086163
000086189
000087044
000095680
000086998
000095451
000086997
000095435
000086184
000062644
000095462
000087517
000087043
000095466
000086180
000062628
000089881
000095461
000089039
000062650
000086990
000095436
000089897
000087035
000095664
000087031
000086974
000087041
000086696
000086694
000062635
000095681
000087010
000079763
000089897
000089046
000095471
000086169
000095460
000086689
000087509
000087507
000089079
000095692
000089056
000073733
000087014
000087531
000089889
000086702
000087001
000086976
000086975
000086704
000062636
000095687
000095454
000079764
000086175
000095671
000087039
000095672
000095437
000062660
000086701
000086171
000073743
000087023
000095457
000086982
000095678
000086717
000095691
000095444
000087510
000095696
000073732
000089055
000086686
000086183
000095666
000089875
000095673
000087002
000087521
000086165
000089063
000062625
000086989
000086160
000087515
000062659
000086693
000087027
000086983
000079725
000086709
000095445
000095454
000086978
000095686
000062630
000062647
000086687
000086675
000089042
000062661
000086185
000086677
000087029
000087020
000062657
000086864
000055197
000095690
000086996
000086713
000087527
000095476
000086678
000086317
000087208
000087220
000087212
000055193
000086318
000055203
000087207
000086862
000087211
000086302
000087223
000086313
000055200
000086305
000086871
000095445
000087030
000086857
000087218
000055201
000055211
000087525
000086856
000086859
000087013
000087226
000086869
000086320
000086863
000086314
000086867
000055206
000087528
000087011
000087222
000086307
000087038
000086181
000086155
000086858
000055204
000086316
000055202
000086868
000055208
000087219
000086308
000087225
000078232
000075136
000080062
000080063
000095769
000074933
000080058
000095758
000080064
000080060
000095761
000080055
000075145
000095762
000074923
000078309
000080049
000066406
000066402
000070123
000069328
000070105
000070096
000073203
000075913
000084245
000093203
000092284
000052146
000092294
000066396
000069645
000064144
000069646
000064146
000074394
000064150
000066400
000065771
000074396
000064149
000069643
000069641
000065751
000069644
000069642
000066397
000064145
000091828
000092421
000091988
000074870
000064292
000074722
000064287
000064304
000063125
000066700
000066793
000066786
000075363
000066694
000068212
000066796
000066702
000093124
000089868
000089044
000061381
000089893
000069503
000053306
000087982
000087971
000090073
000053309
000088121
000053333
000053313
000088124
000069491
000053332
000087765
000088116
000053335
000053321
000089888
000088112
000088125
000053327
000053328
000088115
000087769
000088122
000053322
000088132
000088108
000053307
000088114
000075784
000072468
000069951
000071270
000070565
000072471
000072457
000070569
000071690
000071279
000072449
000070554
000084555
000072351
000072472
000071700
000069962
000075794
000070570
000084566
000071718
000072317
000071291
000084579
000070719
000071282
000072345
000071271
000071714
000071668
000071297
000075768
000075767
000071698
000075780
000075797
000071654
000076157
000072448
000084560
000072475
000070704
000070122
000071229
000071278
000070716
000072469
000075775
000072477
000075789
000072323
000071300
000070715
000075765
000070686
000070691
000071304
000070301
000072549
000072986
000084564
000071267
000075791
000075769
000072539
000073339
000072543
000073365
000073370
000072548
000072532
000073368
000073960
000079905
000083146
000071245
000072425
000075840
000075848
000082956
000081555
000070423
000071514
000063914
000072243
000071749
000070343
000075081
000063916
000056405
000075077
000075066
000069311
000061756
000056011
000061769
000056390
000049638
000056416
000056413
000081647
000056399
000081642
000056593
000055980
000056421
000049649
000049630
000087326
000087324
000049892
000049706
000069916
000095137
000095159
000095136
000095155
000095167
000077078
000056150
000049714
000072348
000086437
000094890
000094206
000094204
000094912
000049952
000094562
000064613
000094534
000070890
000061401
000094047
000063624
000055895
000085998
000064730
000067434
000066118
000067433
000095115
000060268
000085995
000085997
000095108
000084720
000085993
000095110
000095105
000094257
000072479
000085992
000062249
000095038
000095318
000095030
000095018
000094991
000094972
000094992
000094998
000050114
000095002
000095000
000094556
000060372
000062245
000056134
000061421
000062251
000063344
000061398
000049802
000094245
000070534
000077142
000091896
000065159
000093545
000078688
000064082
000063366
000061409
000061424
000061416
000061393
000094078
000095416
000061402
000063381
000093868
000062452
000060910
000094752
000094732
000094740
000061287
000095394
000091271
000055656
000054423
000061730
000067221
000067950
000077072
000057328
000053612
000054420
000077096
000053598
000071179
000066553
000067951
000063426
000053610
000054588
000054578
000054567
000094169
000086061
000063207
000063545
000060539
000054805
000054775
000064361
000055669
000081633
000051888
000065926
000094394
000093654
000055650
000087979
000073932
000081329
000095851
000062511
000095011
000062459
000078595
000091910
000067926
000091262
000050152
000082754
000071178
000070606
000072498
000074475
000050569
000050571
000057860
000057482
000050570
000050568
000093199
000056277
000093925
000071060
000071059
000051521
000071062
000051516
000051379
000051375
000051510
000049480
000049477
000051523
000051520
000051522
000051512
000051515
000051517
000051525
000051508
000051507
000051519
000051505
000049684
000051524
000072801
000049472
000049485
000072573
000049490
000049481
000049478
000049454
000049471
000049460
000049689
000051373
000051511
000049464
000072604
000049487
000049687
000049459
000049468
000049491
000049688
000049467
000049457
000049470
000049450
000049483
000049474
000049486
000049462
000049685
000049453
000049492
000049686
000049488
000049455
000051514
000051506
000051513
000058042
000059194
000096664
000094188
000055499
000068620
000094769
000094343
000049618
000085649
000072267
000056630
000056627
000050431
000050501
000050533
000057341
000056474
000072107
000059829
000059849
000085342
000061900
000061884
000072115
000072108
000060254
000060885
000085339
000066320
000065927
000060243
000061711
000062764
000060887
000066312
000057500
000085336
000065925
000060247
000065918
000060878
000051884
000085348
000074444
000065003
000057825
000059430
000060336
000060304
000057842
000064995
000068670
000068660
000059428
000057735
000063633
000063630
000060187
000060597
000057527
000062411
000071444
000057523
000081650
000057524
000057530
000063960
000055988
000071439
000060656
000063279
000058895
000059630
000059558
000059569
000059618
000063287
000057918
000059156
000060610
000059089
000059100
000059103
000059110
000068468
000066066
000066070
000059119
000062600
000059157
000059136
000058429
000059132
000059129
000059098
000057641
000059134
000057627
000059661
000059639
000059689
000058280
000058177
000066141
000057939
000059657
000062541
000059658
000058280
000058181
000066144
000066166
000051165
000066157
000058300
000059509
000058304
000051164
000058833
000051150
000059514
000051156
000058818
000058259
000056855
000056843
000058269
000056845
000056547
000066875
000081634
000058245
000066868
000066890
000056443
000058268
000056449
000055951
000056448
000052289
000076376
000063989
000055963
000063994
000058250
000058248
000056122
000063856
000058254
000058273
000050300
000051774
000052495
000051068
000051043
000051942
000051784
000063880
000053132
000063860
000051789
000063870
000050298
000052515
000053005
000050280
000052817
000061595
000051285
000050603
000053166
000050592
000053420
000052936
000054840
000093363
000050591
000052932
000050600
000051022
000054835
000053160
000071868
000051846
000054852
000054859
000051860
000052446
000062946
000053289
000052929
000050930
000052434
000052436
000053407
000052410
000065843
000056344
000050964
000065837
000071858
000071879
000050946
000052396
000060956
000053153
000056351
000053763
000063536
000052868
000063527
000063556
000063517
000056882
000056873
000056251
000053745
000056236
000053769
000055050
000053553
000053546
000055052
000055022
000054751
000070076
000053581
000054444
000055302
000055311
000067188
000061054
000055742
000067205
000054714
000054460
000055299
000067176
000067168
000055348
000053817
000055728
000055747
000051406
000055739
000053806
000055740
000061029
000049421
000060833
000055752
000056127
000051556
000051473
000079735
000086688
000073760
000062665
000079730
000086714
000089053
000087209
000073731
000079739
000079749
000073758
000086861
000086853
000089871
000087210
000087213
000087214
000055210
000087215
000086855
000055199
000086441
000086319
000055194
000087206
000055195
000055205
000087217
000078218
000069876
000092359
000093217
000092384
000084237
000074000
000074532
000074362
000083820
000073576
000055098
000084028
000085217
000064280
000080006
000067143
000063046
000092970
000083672
000073819
000087991
000087976
000087768
000090066
000069494
000087991
000087976
000090066
000087762
000090095
000076221
000078445
000076263
000076258
000080440
000078690
000078837
000067481
000072538
000072534
000071228
000073947
000070288
000073208
000072562
000073944
000070284
000070283
000072268
000090276
000095719
000079614
000082369
000082360
000072615
000075073
000070841
000063909
000072252
000072230
000070831
000070845
000052330
000066689
000066666
000066658
000058956
000066650
000052548
000066686
000064420
000094404
000049955
000060993
000059832
000074458
000071303
000066295
000059859
000050417
000054188
000053467
000064359
000054774
000054789
000054817
000059124
000057471
000066313
000061264
000058410
000063429
000081331
000059195
000093889
000077257
000094400
000056278
000060184
000057725
000060167
000051973
000091927
000072800
000093917
000078503
000075890
000061245
000055493
000052138
000053639
000091511
000061535
000061537
000061538
000093960
000049885
000056136
000058378
000058374
000061732
000065936
000061736
000061727
000061727
000074460
000060340
000060325
000060171
000066069
000057834
000060064
000058892
000059610
000062612
000062610
000060620
000062607
000057625
000057620
000068465
000057642
000068472
000059102
000058422
000058257
000058266
000054786
000054813
000054205
000054200
000054791
000054197
000054226
000064332
000055672
000064348
000064329
000054204
000054810
000055712
000064363
000054199
000054211
000054801
000055735
000067187
000067198
000091238
000055089
000083519
000083448
000073956
000071308
000064335
000063533
000059865
000061726
000082723
000056629
000085333
000061938
000051893
000051892
000066328
000060868
000070939
000075243
000088922
000083116
000095924
000091507
000091565
000059742
000059376
000058041
000051293
000075899
000049946
000050425
000061925
000061720
000057491
000074456
000057222
000056611
000062423
000056619
000056606
000063965
000059568
000059571
000063296
000051171
000059520
000058835
000056425
000066880
000050898
000050304
000059030
000056218
000053764
000053575
000070081
000053786
000061034
000095472
000073757
000073766
000079729
000079738
000089041
000089892
000089078
000089882
000089047
000089891
000086988
000079742
000075930
000093204
000093210
000052159
000070580
000070567
000072556
000073955
000066434
000070836
000070840
000075070
000070960
000063903
000070850
000072251
000070834
000072254
000072235
000063921
000070826
000070848
000075061
000070837
000070959
000061729
000094395
000092380
000093228
000092292
000091967
000070314
000070975
000055639
000050663
000049790
000060675
000065915
000066304
000049789
000049791
000056363
000058267
000069856
000093220
000072223
000070824
000070352
000059707
000063765
000057473
000057422
000049993
000072879
000081284
000082420
000079767
000081010
000071846
000069668
000093185
000092013
000092087
000074260
000092320
000077802
000061246
000059309
000074606
000057586
000066410
000065362
000056632
000056628
000049931
000049992
000059864
000050406
000050572
000049994
000059854
000050407
000052132
000059868
000050580
000052133
000050421
000049886
000050574
000059857
000070430
000050383
000050432
000050389
000049672
000050381
000050429
000050393
000049675
000049669
000050428
000050387
000050433
000049676
000049677
000050385
000050578
000050422
000049667
000050392
000049666
000060162
000050390
000050423
000052139
000049671
000049670
000060163
000059863
000060165
000050081
000054349
000054360
000053492
000054354
000066755
000056739
000058383
000066743
000067222
000060983
000056830
000057347
000056735
000077542
000060984
000065265
000065267
000061873
000060986
000056486
000056822
000059837
000061984
000067775
000061969
000060991
000059844
000065271
000061299
000072125
000061315
000072113
000061891
000060995
000061983
000065263
000061887
000061981
000059840
000060981
000058654
000058611
000060707
000061314
000061875
000065281
000072121
000061877
000059839
000061974
000061973
000061975
000072124
000072127
000072105
000061874
000061879
000061872
000060690
000061915
000072122
000060880
000061722
000060690
000061924
000061896
000066309
000060261
000065923
000057490
000061708
000062747
000066308
000060259
000061725
000057489
000060891
000062767
000065931
000062765
000065935
000066297
000060251
000074466
000060889
000060310
000074453
000057745
000063623
000057744
000059450
000057788
000074445
000060343
000074455
000059297
000060308
000057711
000074443
000064983
000059436
000060193
000059429
000068682
000059432
000063650
000060192
000057845
000059459
000059453
000068671
000062429
000057953
000057517
000057805
000064997
000068687
000063643
000057238
000071432
000071433
000056618
000057952
000058626
000056397
000057224
000055989
000055981
000063945
000071455
000057226
000057232
000058030
000063958
000062435
000056613
000056621
000064019
000062601
000059622
000063958
000062435
000063292
000062617
000059629
000059681
000058026
000063299
000058021
000063290
000059625
000060615
000059154
000059088
000057634
000058423
000060600
000063295
000057616
000060611
000058437
000062605
000059099
000057635
000066169
000060601
000058045
000066130
000059640
000066153
000057947
000058034
000059691
000058206
000058059
000061941
000058324
000066161
000066151
000058329
000059650
000058322
000057949
000059535
000059646
000058815
000051169
000059534
000051147
000051157
000056439
000059516
000058299
000058843
000058284
000059526
000059521
000058309
000056446
000057156
000056450
000063619
000056852
000076380
000063613
000056435
000057164
000056847
000056398
000061771
000056598
000061755
000056394
000056599
000056417
000056414
000057151
000056573
000063975
000056581
000061761
000056442
000056942
000055952
000056388
000066894
000056424
000063992
000055960
000056585
000061766
000051950
000051550
000056103
000051559
000059927
000056583
000051927
000050307
000050303
000063891
000053110
000053131
000052496
000050889
000050860
000059930
000050279
000051798
000052989
000050833
000050814
000051777
000051941
000063859
000063854
000050813
000058958
000050285
000052995
000052990
000052503
000050281
000053021
000064214
000051839
000051834
000064201
000054853
000050888
000052526
000050892
000052998
000053169
000064207
000051963
000061596
000054012
000051017
000052964
000052961
000050619
000058238
000052960
000053276
000051983
000064213
000051853
000062939
000051844
000051016
000054832
000059020
000050614
000064187
000061593
000054845
000058234
000053404
000062942
000053403
000053412
000058212
000053288
000064197
000059311
000062936
000056350
000058237
000058227
000058210
000076043
000058236
000076043
000056357
000056341
000050948
000052423
000060951
000051280
000076028
000052426
000050962
000056364
000056358
000056366
000053239
000052383
000052358
000071864
000051032
000052715
000076044
000070079
000052438
000070065
000053548
000056867
000064397
000064365
000067356
000064717
000055685
000054207
000056887
000063529
000054790
000054215
000064731
000055690
000054208
000054198
000053544
000054803
000055710
000064340
000064716
000055682
000064711
000063539
000064705
000056232
000053767
000056238
000056260
000053578
000056250
000055031
000053554
000060582
000056254
000054934
000056249
000070090
000053743
000056235
000070060
000054135
000053736
000054082
000055043
000056227
000056222
000053741
000056234
000060516
000053479
000067171
000054428
000055296
000067678
000054753
000060550
000067717
000054446
000055727
000061066
000067183
000067705
000054762
000053471
000063208
000063161
000055304
000060540
000063180
000053443
000053465
000055447
000061035
000053787
000061531
000061031
000054698
000055336
000054109
000061514
000061521
000055344
000061516
000054023
000054050
000055733
000061527
000054077
000061069
000054094
000061041
000061064
000067174
000061032
000055726
000055756
000054705
000067178
000049410
000070881
000056093
000070881
000069536
000054282
000056097
000053931
000049529
000049519
000056123
000049398
000052316
000069533
000052294
000056110
000052690
000093864
000073755
000079744
000079733
000086992
000089071
000073759
000079726
000089066
000078295
000077699
000074927
000077714
000070591
000050695
000090315
000084652
000077660
000091218
000077684
000090655
000093216
000092305
000093207
000093211
000052157
000084256
000090964
000092161
000054536
000092603
000091305
000090265
000073968
000095493
000065557
000093055
000067040
000092745
000091424
000079309
000064291
000074727
000074732
000064293
000064314
000074731
000074587
000095503
000074745
000074583
000074598
000064313
000074597
000095496
000074436
000074559
000065609
000067130
000091500
000065602
000069811
000065609
000067921
000092726
000091872
000091346
000091336
000091331
000091348
000091338
000064077
000089068
000089081
000087985
000087983
000076224
000078453
000076256
000078427
000078332
000078457
000079815
000078464
000076242
000079228
000070562
000070572
000070574
000078091
000070563
000070564
000050690
000050681
000065529
000072528
000073331
000072978
000073335
000073934
000088221
000083057
000083054
000081426
000070440
000088178
000081424
000095709
000095711
000081327
000082364
000095715
000082288
000082964
000081166
000081347
000081330
000081163
000079619
000095716
000095721
000083133
000082053
000066421
000071740
000070982
000063899
000063905
000070822
000063912
000063901
000075074
000072811
000071756
000063908
000075080
000061985
000072811
000071756
000070962
000059606
000061882
000058274
000061880
000066671
000058784
000058812
000058790
000049888
000061881
000058787
000052543
000056419
000071460
000057169
000056411
000056400
000071448
000057165
000054304
000054316
000053924
000053942
000052533
000069543
000053126
000066668
000053129
000059932
000059911
000051049
000061893
000066076
000066075
000087698
000061919
000066825
000060874
000060698
000060873
000061278
000066581
000061899
000054472
000067938
000063200
000058258
000091328
000083140
000060164
000059867
000049949
000053611
000053512
000054403
000054355
000054352
000053486
000058384
000054329
000056155
000077544
000067238
000056709
000058381
000056813
000067237
000056273
000056153
000077518
000056831
000056814
000057346
000066753
000057349
000066762
000056168
000060693
000060695
000051871
000060242
000060871
000061289
000057501
000060691
000060879
000066306
000085325
000061932
000061902
000061921
000065912
000051886
000060893
000061291
000061290
000057472
000051890
000060244
000062773
000060319
000074472
000051878
000062757
000051874
000062771
000051882
000066294
000062772
000066323
000066301
000061270
000057478
000065932
000066318
000060295
000060312
000060352
000074451
000059438
000059447
000060172
000059458
000060175
000059455
000057964
000068667
000068685
000055986
000063964
000058898
000055992
000081617
000062437
000060653
000059620
000062428
000059626
000059631
000058902
000062623
000059624
000060652
000062604
000058051
000061942
000062622
000059613
000060650
000061968
000058024
000058893
000061966
000059564
000059218
000060658
000059696
000058061
000066058
000062611
000059221
000060603
000060607
000059111
000057631
000059109
000060604
000061956
000058063
000059641
000062519
000061757
000057172
000058252
000058288
000058296
000059511
000066878
000058830
000058306
000058307
000058281
000059517
000066876
000056444
000058305
000081621
000061745
000056408
000056437
000058260
000056934
000056950
000076371
000056939
000061760
000061760
000056588
000056578
000052296
000056128
000051561
000052700
000050283
000051930
000050880
000052832
000052567
000053120
000053104
000051923
000053026
000051783
000051946
000051799
000067342
000051779
000063878
000063888
000051933
000067353
000061573
000050822
000050816
000058949
000063862
000052821
000053006
000093370
000064198
000064205
000054021
000052996
000067338
000050882
000050874
000052999
000051256
000067317
000054861
000061597
000054834
000051827
000058231
000053279
000053266
000053398
000054862
000053415
000053284
000054854
000051828
000093373
000054857
000053294
000053426
000053409
000052429
000093362
000059330
000051858
000052380
000065839
000056377
000058209
000064199
000053194
000054825
000062945
000065841
000051967
000052720
000071854
000071875
000051018
000053240
000051961
000050945
000052397
000053236
000052439
000065821
000052419
000052363
000050958
000056361
000050932
000056376
000052425
000058763
000067389
000053542
000056245
000067384
000062952
000053580
000067390
000062940
000062928
000052844
000056880
000064336
000064722
000064351
000054798
000064364
000054201
000055668
000052863
000064330
000052870
000064339
000055706
000064323
000064337
000054792
000055674
000053570
000053545
000054214
000054807
000064326
000056259
000053547
000053740
000053756
000053560
000056255
000056253
000063218
000070071
000053775
000070089
000054937
000054162
000053568
000070088
000053573
000055599
000055026
000060568
000054134
000070075
000056257
000056240
000053762
000056229
000053566
000070052
000054763
000061027
000055731
000061042
000054702
000054676
000063147
000061047
000063192
000053437
000060542
000060547
000054083
000053445
000054432
000054739
000063176
000063214
000053435
000054471
000054096
000063136
000054462
000055286
000061055
000054026
000054111
000054080
000061503
000055453
000054107
000054047
000061049
000055337
000054039
000055357
000067186
000061520
000054690
000067175
000055746
000061515
000055743
000061028
000061038
000055750
000051471
000061039
000061045
000051490
000054677
000054315
000049416
000053927
000049411
000056120
000069555
000049510
000060799
000049505
000069547
000056102
000049509
000069562
000089061
000056099
000086690
000052683
000052295
000073736
000087533
000079745
000062631
000079747
000089050
000073752
000073740
000089045
000073728
000086999
000073751
000079752
000086987
000077710
000084239
000093205
000052167
000052148
000092309
000084248
000052169
000092616
000093221
000091295
000092303
000074137
000092755
000091409
000092741
000092756
000093045
000093046
000091956
000064286
000074440
000074576
000064303
000074594
000064284
000074595
000064309
000064290
000064310
000074604
000074591
000074746
000074575
000095514
000065177
000079485
000092976
000065580
000092974
000092975
000069647
000091875
000091895
000091327
000090070
000087989
000087975
000070560
000071704
000069015
000070576
000073942
000082390
000081176
000082310
000081175
000095713
000081552
000063902
000050418
000070336
000070967
000050410
000081638
000056418
000063995
000081618
000058770
000058262
000069560
000066657
000058926
000069571
000052333
000053938
000058931
000066659
000051073
000066667
000059931
000058933
000051038
000057496
000060940
000053453
000062540
000052806
000063560
000066170
000060987
000084170
000070550
000077013
000064152
000092008
000064948
000074605
000060355
000050061
000058355
000053613
000054339
000053513
000067224
000056731
000054347
000056158
000056821
000066747
000058358
000056781
000066746
000056786
000056477
000061936
000061910
000061930
000061918
000066324
000061903
000061901
000057480
000062763
000062752
000062760
000061724
000060886
000065921
000085340
000051897
000085330
000061721
000061274
000060248
000060890
000060875
000057493
000074449
000074447
000059446
000060345
000060305
000068691
000068680
000063625
000063652
000057818
000059439
000059442
000068689
000064999
000064984
000063631
000057828
000063641
000060198
000056401
000063951
000057213
000081627
000057846
000063626
000056617
000081648
000061748
000056396
000056008
000081651
000057230
000071446
000057215
000057512
000058261
000062432
000062436
000056570
000059229
000063272
000061948
000068458
000063258
000061959
000068475
000061947
000058029
000059219
000061967
000059240
000059222
000059223
000059700
000059205
000063288
000059545
000068463
000068461
000063274
000063286
000068476
000059550
000060648
000059576
000063278
000063262
000060602
000059152
000060619
000066068
000059084
000059066
000061940
000059554
000058419
000060606
000060618
000066071
000057937
000057928
000059648
000051166
000058825
000062528
000059531
000059524
000058292
000058283
000066903
000051172
000051161
000058819
000056440
000056848
000056562
000056854
000056569
000063604
000058251
000056557
000056440
000056594
000063981
000063983
000056591
000061750
000056580
000081637
000056595
000056441
000052277
000051955
000051558
000051536
000052282
000052689
000081629
000081625
000058271
000052709
000050857
000067320
000051795
000063864
000050875
000050841
000050297
000050821
000050289
000063866
000063873
000052816
000051797
000051804
000051805
000051807
000051794
000051796
000050294
000050899
000051053
000051781
000052833
000050828
000052491
000056096
000061610
000054851
000051262
000051601
000061592
000053980
000053000
000053978
000051596
000052508
000053004
000054836
000093377
000064204
000053424
000053269
000058216
000053425
000053290
000058211
000052721
000052399
000061572
000071887
000065825
000060975
000053226
000051288
000053190
000076026
000050593
000071882
000052746
000060958
000052730
000052941
000052406
000076023
000056378
000052845
000052443
000052437
000056354
000070073
000052422
000052356
000064395
000064352
000052409
000050934
000052386
000050960
000064350
000064360
000056247
000054209
000067357
000056237
000054219
000056228
000054212
000070057
000064333
000067382
000053751
000070064
000054794
000055680
000056884
000063530
000063522
000058734
000058735
000062935
000062953
000058733
000056875
000058760
000056903
000056903
000056224
000054202
000055709
000064344
000054787
000054814
000054818
000064379
000054777
000055673
000054206
000055693
000053735
000053583
000055677
000054942
000056252
000060574
000055042
000053737
000067364
000055610
000055613
000070078
000055585
000070055
000053739
000053696
000054148
000054104
000053558
000054150
000055013
000053690
000053774
000067181
000061033
000053779
000053752
000067693
000054761
000054452
000061059
000055290
000053461
000055316
000060541
000063193
000055341
000067681
000055322
000067712
000054440
000055317
000063157
000053478
000063148
000063168
000054691
000054088
000063203
000054748
000063145
000054075
000063172
000054092
000054760
000063187
000061523
000054060
000054040
000054028
000061507
000061512
000061508
000061532
000055369
000054070
000055477
000055355
000061522
000054048
000061500
000054086
000054105
000054108
000054037
000055446
000055340
000067200
000054029
000054061
000055364
000061504
000055452
000054099
000054084
000055480
000061519
000054101
000055474
000054093
000061526
000061530
000055338
000054057
000054098
000055366
000055745
000067166
000054052
000049427
000069574
000049407
000060808
000049523
000060813
000049497
000049403
000060817
000053955
000049419
000069542
000052280
000060818
000060823
000060798
000052693
000051420
000053959
000049521
000052969
000051408
000079731
000089064
000062662
000089872
000086712
000073750
000095459
000089067
000073764
000089874
000089887
000073739
000079724
000079734
000089080
000079737
000073749
000089082
000073727
000089070
000086984
000089076
000073734
000086967
000086708
000089057
000086695
000095700
000095662
000055207
000073230
000075922
000084259
000092162
000084257
000084669
000084673
000092298
000064148
000092296
000092311
000084261
000092282
000093225
000074572
000074718
000074733
000064315
000074571
000074730
000074742
000074596
000095497
000074427
000080022
000063035
000065607
000067140
000080009
000063044
000092720
000092701
000092992
000092985
000091349
000069711
000073811
000088117
000053314
000069508
000072321
000071691
000073963
000073966
000070119
000075931
000071689
000070322
000073328
000070300
000073359
000073362
000073363
000070281
000082050
000082296
000082054
000082315
000066436
000079621
000082300
000066417
000070833
000063923
000072228
000070345
000063918
000072231
000070968
000072248
000070338
000070354
000072249
000071746
000075063
000072240
000057234
000081631
000061744
000049890
000081644
000081640
000056601
000056010
000071457
000063993
000054010
000071461
000071440
000056391
000057203
000071450
000056000
000071451
000056014
000071441
000055994
000052324
000056013
000049657
000054273
000069573
000058951
000069557
000066652
000052349
000053944
000052319
000052559
000058786
000052554
000058797
000066644
000051039
000053103
000051071
000071197
000063182
000088924
000087835
000086765
000054535
000060441
000066411
000058814
000061716
000060239
000061285
000066321
000051896
000060186
000060328
000059139
000063953
000057207
000071458
000057211
000063943
000059627
000060660
000060645
000058901
000066062
000062522
000062530
000057930
000058291
000051168
000058821
000051167
000050827
000051788
000093378
000093380
000052500
000053278
000067352
000053024
000058213
000053272
000062925
000053246
000051034
000064374
000064319
000054782
000064343
000064386
000053252
000054225
000054210
000054812
000054811
000054186
000054780
000064358
000054190
000054796
000055686
000064387
000052859
000056869
000054194
000064349
000064355
000055675
000055681
000064318
000056889
000064715
000064729
000063549
000053464
000053579
000054089
000070082
000053738
000070054
000053563
000056244
000056248
000053565
000060556
000063140
000054164
000053585
000063202
000070093
000056225
000053770
000053549
000054933
000054689
000054675
000067707
000060551
000054450
000067715
000063171
000063144
000060552
000063149
000054106
000060528
000063165
000061497
000061518
000055342
000061529
000054053
000067190
000055345
000067192
000055365
000055744
000055751
000055343
000053933
000053926
000052284
000051479
000095502
000091817
000092432
000079358
000090081
000049513
000049507
000071535
000058393
000049853
000053939
000059562
000061953
000054700
000054750
000055569
000055424
000069209
000055576
000069229
000055433
000055396
000055421
000054716
000055465
000069216
000069224
000055531
000055548
000055428
000069195
000069218
000054718
000055460
000055437
000055571
000055409
000055402
000055529
000054720
000055565
000069226
000055561
000055432
000054741
000049499
000056105
000055398
000054757
000060796
000049396
000060825
000049429
000049531
000049516
000049408
000060837
000049415
000049500
000049534
000049524
000056090
000060838
000060829
000056119
000060836
000087046
000095447
000069807
000065228
000066861
000054553
000050058
000069701
000059838
000052094
000096019
000070839
000081688
000084753
000070169
000080201
000062709
000058057
000059608
000056496
000055817
000053638
000058431
000059127
000058440
000068482
000058432
000058415
000059105
000058434
000062613
000058432
000058415
000051282
000053186
000051269
000061587
000051292
000051274
000051286
000064373
000063518
000052322
000053949
000069568
000052286
000052293
000051402
000095772
000075372
000075368
000068210
000066791
000053656
000050703
000081283
000072675
000071508
000064515
000051175
000059771
000061073
000065363
000061993
000054277
000054303
000052332
000069563
000052320
000069541
000055880
000055884
000055847
000052006
000052007
000052039
000050471
000052189
000065920
000056002
000059694
000058066
000059215
000059231
000051275
000093374
000063217
000054141
000060563
000060586
000053691
000055734
000079740
000095513
000082307
000056089
000085417
000050151
000091989
000082421
000088326
000067534
000053037
000059741
000063740
000085451
000060166
000050384
000050430
000049668
000050444
000050394
000050424
000050062
000049990
000049887
000052134
000052190
000050472
000050416
000050470
000050469
000050579
000060159
000050391
000050705
000053597
000054426
000054240
000066749
000058386
000056827
000056169
000067228
000058365
000056819
000056797
000056828
000058352
000061937
000060688
000061920
000060702
000060694
000060884
000065913
000060882
000085335
000060685
000060680
000060258
000061906
000060697
000060708
000062755
000066311
000065917
000061280
000060872
000060238
000065937
000066303
000060240
000057804
000066302
000051894
000060307
000057715
000057730
000057741
000074465
000057797
000057852
000057787
000057799
000057819
000060337
000057820
000057853
000057748
000059299
000057790
000057850
000057722
000057736
000060180
000057747
000057840
000057721
000060200
000059286
000057739
000057728
000057823
000057839
000060199
000068661
000060194
000068675
000064996
000057746
000060195
000057798
000057833
000057795
000059457
000059434
000063956
000056007
000068686
000056616
000057535
000063963
000056609
000059575
000059210
000068450
000059236
000059542
000063256
000059232
000060616
000059078
000059085
000056561
000066873
000058285
000063603
000058816
000059530
000058832
000056850
000063607
000081646
000056561
000056842
000056575
000056395
000066902
000056949
000056412
000061763
000050886
000051534
000052563
000050837
000052696
000081628
000056101
000052299
000052521
000063875
000056113
000063861
000058943
000050829
000059919
000063874
000050831
000053993
000050836
000051786
000050820
000051044
000051803
000063885
000051951
000053001
000063889
000051785
000053189
000051802
000051800
000051924
000063867
000052977
000052814
000060806
000051792
000071884
000053159
000049506
000061599
000051580
000050885
000052992
000052522
000049656
000051957
000051014
000058208
000052945
000051964
000052958
000051033
000052930
000053292
000053291
000053277
000051854
000051266
000065820
000062930
000053400
000062922
000053238
000076031
000053193
000053257
000065812
000053177
000065808
000050955
000050957
000071850
000052355
000071849
000065842
000050931
000064375
000050965
000060960
000051260
000056342
000050937
000052414
000060950
000063537
000063525
000053747
000063516
000064376
000064389
000052871
000052855
000064385
000067387
000067373
000052869
000052842
000053572
000055588
000070092
000055046
000055040
000070069
000053772
000053760
000053766
000054156
000054159
000055587
000060560
000060561
000067367
000053700
000061036
000060561
000055748
000055291
000055308
000053795
000054938
000054752
000061044
000054475
000054438
000067203
000067704
000054679
000055279
000055284
000054474
000054755
000055753
000055289
000054454
000067687
000054683
000055325
000054456
000054684
000055315
000054756
000067713
000054445
000054435
000055283
000055564
000061068
000055560
000055574
000055563
000069198
000055544
000069228
000069236
000055353
000054747
000055434
000055483
000055363
000055549
000054032
000054734
000055572
000055435
000055568
000069206
000055441
000054043
000055349
000055427
000055367
000055346
000055455
000061513
000054733
000055459
000067204
000054097
000053801
000054103
000055371
000056091
000069558
000060805
000060816
000056125
000053934
000060809
000051410
000052328
000060832
000051416
000051533
000051535
000056118
000052270
000051481
000052971
000089069
000079751
000079736
000073765
000079732
000062641
000073212
000070118
000075910
000073204
000075933
000075927
000091207
000084650
000091215
000092376
000092304
000084251
000052155
000092368
000092286
000090308
000092381
000054519
000091197
000084686
000084680
000074592
000064289
000095505
000074432
000065216
000075361
000067138
000067141
000067915
000065213
000079509
000069663
000091883
000069501
000088131
000089885
000071711
000070293
000073344
000073360
000070316
000070315
000082292
000081429
000066425
000082290
000066422
000072239
000072238
000063898
000072236
000072805
000070828
000070827
000070843
000075065
000072237
000063900
000063920
000072245
000071744
000063924
000072225
000072242
000081643
000057210
000063950
000081626
000081624
000071452
000056004
000071435
000054008
000057227
000067447
000051573
000061767
000071437
000071442
000051602
000053958
000052569
000051593
000069539
000069561
000066645
000052564
000066654
000052561
000059912
000051041
000080876
000068260
000063167
000063134
000053454
000055298
000063210
000058741
000063213
000053457
000063186
000053732
000055313
000063194
000060533
000055667
000060553
000063133
000062955
000053447
000063184
000053433
000063160
000063174
000053582
000054073
000058761
000054218
000054797
000062951
000070102
000051749
000050706
000059866
000050704
000060001
000063342
000058497
000057413
000053038
000070227
000053536
000061071
000067446
000050427
000059861
000049943
